volume_0.94/input.00.log:[   0  14   14       47 ] Quench.cpp: final total energy =     -21.19481835 Ha
volume_0.96/input.00.log:[   0  13   13       46 ] Quench.cpp: final total energy =     -21.19483233 Ha
volume_0.98/input.00.log:[   0  13   13       46 ] Quench.cpp: final total energy =     -21.19484210 Ha
volume_1.02/input.00.log:[   0  13   13       44 ] Quench.cpp: final total energy =     -21.19484998 Ha
volume_1.04/input.00.log:[   0  13   13       44 ] Quench.cpp: final total energy =     -21.19484952 Ha
volume_1.06/input.00.log:[   0  13   13       49 ] Quench.cpp: final total energy =     -21.19484616 Ha
volume_1.0/input.00.log:[   0  12   12       42 ] Quench.cpp: final total energy =     -21.19484772 Ha
