volume_0.94/input.00.log:[   0  10   10       31 ] Quench.cpp: final total energy =    -115.89903758 Ha
volume_0.96/input.00.log:[   0  10   10       31 ] Quench.cpp: final total energy =    -115.89906108 Ha
volume_0.98/input.00.log:[   0  10   10       31 ] Quench.cpp: final total energy =    -115.89907942 Ha
volume_1.02/input.00.log:[   0  10   10       31 ] Quench.cpp: final total energy =    -115.89910514 Ha
volume_1.04/input.00.log:[   0  10   10       31 ] Quench.cpp: final total energy =    -115.89911343 Ha
volume_1.06/input.00.log:[   0  10   10       31 ] Quench.cpp: final total energy =    -115.89912103 Ha
volume_1.0/input.00.log:[   0  10   10       31 ] Quench.cpp: final total energy =    -115.89909321 Ha
