volume_0.94/input.00.log:[   0   9    9        9 ] Quench.cpp: final total energy =     -30.68082087 Ha
volume_0.96/input.00.log:[   0   9    9        9 ] Quench.cpp: final total energy =     -30.68082797 Ha
volume_0.98/input.00.log:[   0   9    9        9 ] Quench.cpp: final total energy =     -30.68083123 Ha
volume_1.00/input.00.log:[   0   9    9        9 ] Quench.cpp: final total energy =     -30.68083171 Ha
volume_1.02/input.00.log:[   0  10   10       10 ] Quench.cpp: final total energy =     -30.68082836 Ha
volume_1.04/input.00.log:[   0  10   10        9 ] Quench.cpp: final total energy =     -30.68082458 Ha
volume_1.06/input.00.log:[   0  10   10       10 ] Quench.cpp: final total energy =     -30.68081795 Ha
