volume_0.94/input.00.log:[   0  13   13      342 ] Quench.cpp: final total energy =    -568.22581425 Ha
volume_0.96/input.00.log:[   0  12   12      315 ] Quench.cpp: final total energy =    -568.22947766 Ha
volume_0.98/input.00.log:[   0  12   12      316 ] Quench.cpp: final total energy =    -568.23251126 Ha
volume_1.02/input.00.log:[   0  12   12      318 ] Quench.cpp: final total energy =    -568.23778715 Ha
volume_1.04/input.00.log:[   0  13   13      344 ] Quench.cpp: final total energy =    -568.24021982 Ha
volume_1.06/input.00.log:[   0  13   13      335 ] Quench.cpp: final total energy =    -568.24151968 Ha
volume_1.0/input.00.log:[   0  12   12      316 ] Quench.cpp: final total energy =    -568.23524937 Ha
