volume_0.94/input.00.log:[   0  13   13      124 ] Quench.cpp: final total energy =    -155.14204967 Ha
volume_0.96/input.00.log:[   0  12   12      117 ] Quench.cpp: final total energy =    -155.14218381 Ha
volume_0.98/input.00.log:[   0  12   12      119 ] Quench.cpp: final total energy =    -155.14226568 Ha
volume_1.02/input.00.log:[   0  12   12      119 ] Quench.cpp: final total energy =    -155.14233782 Ha
volume_1.04/input.00.log:[   0  13   13      125 ] Quench.cpp: final total energy =    -155.14232947 Ha
volume_1.06/input.00.log:[   0  13   13      123 ] Quench.cpp: final total energy =    -155.14230341 Ha
volume_1.0/input.00.log:[   0  12   12      119 ] Quench.cpp: final total energy =    -155.14231655 Ha
