volume_0.94/input.00.log:[   0   9    9       55 ] Quench.cpp: final total energy =    -118.71990632 Ha
volume_0.96/input.00.log:[   0   9    9       55 ] Quench.cpp: final total energy =    -118.71992564 Ha
volume_0.98/input.00.log:[   0   9    9       55 ] Quench.cpp: final total energy =    -118.71993836 Ha
volume_1.02/input.00.log:[   0   8    8       51 ] Quench.cpp: final total energy =    -118.71994919 Ha
volume_1.04/input.00.log:[   0   8    8       55 ] Quench.cpp: final total energy =    -118.71994724 Ha
volume_1.06/input.00.log:[   0   8    8       51 ] Quench.cpp: final total energy =    -118.71994438 Ha
volume_1.0/input.00.log:[   0   8    8       50 ] Quench.cpp: final total energy =    -118.71994567 Ha
